data/Resist_surf2.asc
NCOLS 40 
NROWS 40 
XLLCORNER 0 
YLLCORNER 0 
CELLSIZE 0.025 
NODATA_value -9999 
[rows 0 to 22 of 40, columns 0 to 39 of 40]
4.128496702575020 3.82400279961551 4.12944996136426 4.0320995234324 3.97463911780207 4.04565038579284 4.21992255995681 4.24288627337853 4.23280433061201 4.36890776580707 4.09987551462896 4.03144470922927 4.31616626715915 4.32604246980055 4.06309770512599 4.44322624188491 4.48920234023944 4.45149597747753 4.43674163331352 4.80128525459348 4.83482993223024 4.61541054797955 4.31752212094976 4.04066035568982 4.21109680376617 4.29095616727628 3.94940882246066 3.89696875933249 3.69871649030001 3.77553497591363 3.43330681344804 3.60289180137671 3.60998787071875 3.60794861115989 3.51683741691132 3.78675913007881 3.69955433451503 3.73308152600786 4.0348406278776 3.89195970182091
3.99996843401569 3.80964115520211 4.06030758210295 4.04864057878173 4.25426692346461 4.1653369543145 4.16750095809472 4.24331267125757 4.19578110909848 4.07871434576819 3.7836830868101 4.25881994667375 4.18111810951302 4.15800339005846 4.28287938195749 4.59940732558227 4.5546385610097 4.52494013433849 4.53070751176288 4.59438222366698 4.7833585023834 4.7736168855852 4.66018011471539 4.21450119788116 4.45806567306224 4.176428570362 3.66016437854098 3.79019609301885 3.94270890715524 3.79355033309099 3.68703213473303 3.46063030464847 3.35397703367675 3.67226757848954 3.71457853860181 3.7569416471311 3.45912652157813 3.7843235725052 3.78185171162919 4.03741005764033
4.02634755115869 3.91673049468278 3.98093687268881 4.12316925258597 4.26584269872752 4.31762297747009 4.24989349328159 3.98646958365248 3.91551470335084 4.01041085575254 4.22001813575578 4.24736436265992 4.215267170542 4.10840306075962 4.44004050287675 4.2922675803956 4.35950647583507 4.37939003260625 4.40552538913364 4.40214918287079 4.72121887676515 4.60282369842803 4.54285629866591 4.46527035833356 4.49554675259874 4.24539270951315 4.01676378723959 3.75141744552423 4.20905087231082 4.26099231427595 3.96780907979893 3.59163719644707 3.69321893690188 3.54762333833172 3.49124336994532 3.44603340527742 3.54077044325543 3.65959391406256 4.2246108933593 4.31782133037214
3.99169943192956 3.56554098931641 4.06154367066357 4.28608807159399 4.18304208495868 4.21313413914263 4.50373689252587 4.30401432897363 4.16542419904291 4.14302530475184 4.20255532323114 4.10711040510377 3.85850271120734 4.10203568065073 4.24670176429593 4.16437492883365 4.12967110336892 3.98708254560322 4.2852681807156 4.36633069094938 4.26288230954193 4.29516551512835 4.5215326291379 4.6498213881462 4.52014122090926 4.36193800926636 4.03050132376863 4.18727279841664 4.30469050523081 4.71876325949749 4.10320889102428 4.0210172010505 3.87570576651161 3.51426131349091 3.28010127811917 3.5032334343922 3.68407923405199 4.14992261743574 4.26545587151535 4.27880561210462
3.79454349094997 3.76028281746174 4.00355061655686 4.55469277410117 4.20227922029386 3.92355762406976 4.0230818827883 3.87063168049755 4.28741468631815 4.29259809878146 4.24076767061657 4.04388019304671 3.99337774311991 3.7012374056941 3.89134186998067 3.91573528958997 4.09367438144018 3.94888727634087 4.19158173424108 4.45108836023436 4.55163350532727 4.5456425315349 4.52110727989633 4.38640365739625 4.3944719975603 4.43227828035004 4.1036544743347 4.1954380309345 4.01952784977466 4.28306186185821 4.40800379105045 4.36740215075447 3.91648614387892 3.43596672134602 3.16574386110364 3.45405856384874 3.83917529186974 3.94361481052407 4.30857864769125 4.57197691603701
4.337911159203 4.38027620458132 4.44967575068359 4.42064927830841 4.13804535522839 4.15574237233219 4.11957863914831 3.80222539400042 3.97110877983114 4.07990962173495 4.06427501497494 4.05931919724641 3.97210559880083 3.94699533093765 4.03733443505366 3.92248546943704 3.90839201570607 3.91150107454502 4.35481094945406 4.3570551033808 4.48701423188703 4.37662742365316 4.10159847406398 4.3829403712014 4.39599673054405 4.40019049122459 4.59214265374192 4.21517071564247 4.03472766402982 4.01121862560623 4.11572472125644 4.15561084352142 3.94019105420622 3.57314442332503 3.56090280601144 3.68213505237242 3.63311699654036 3.91015034839645 4.32684958308038 4.47057269516401
4.29436590534184 4.07776994159765 4.26812066564506 4.32581989561411 3.82083624035653 3.81691480599983 3.85393225958325 3.78851077399714 3.88961355738554 3.96381016636996 3.9211926120757 3.9951165890499 4.11977375282064 4.10531954378019 4.0552926570589 4.16116537598241 4.15219529899381 4.16272475146814 4.0435607993372 3.97839191506278 3.86513578146374 4.0321958545771 4.25715861522125 4.2336454578614 4.17547999734354 4.16793118548036 4.22192792566161 4.34309947783788 4.09804982307941 3.8319194756374 3.94149041564276 4.11315159869106 3.9555792821363 3.82470135529243 3.67033107954202 3.70164273896803 3.77938807442437 4.10837887279041 4.34343927493434 4.40845398950184
4.1458428377025 4.01255692326502 4.14525268694364 4.02199044340556 3.90550185334644 3.89670690941296 3.73800864147146 3.96313884967895 4.00625695150945 3.87534048018914 4.22337967015858 4.13250370032841 4.00832950359136 4.27695912100923 3.99928244912972 4.17259219137855 4.23585331325161 3.89458605263623 3.81152314775953 3.88152510398233 4.09885591383784 3.95245012036646 4.13354929954117 3.85509077759874 3.82675885150989 3.95270499081475 4.03972458683076 4.26152497945152 4.14401902418769 3.93996437513745 4.14843178701929 4.22447870991512 4.16038069724142 3.89971102354142 4.1631605762842 3.91463716968034 4.24170607692913 4.0653119694435 4.09168024572867 4.46402242361706
4.23424237760014 4.12508840420431 4.14519751334471 3.84791603443353 3.99247410297595 4.0118996248647 4.12599711725547 4.26682754821853 4.37261107292663 4.44772647715406 4.47599116958929 4.21283904351101 4.12808213339567 4.11078668858372 4.12372981953994 4.21542750920283 4.21678788187218 4.10688186204458 4.13022851138098 3.94491605239496 4.00131031814179 4.10155154326365 4.23833432756739 4.32822674915497 3.99364843950966 4.17030186041884 4.3111783953354 4.22529783453953 4.28349299371162 4.42014564144931 4.57129748422411 4.24976853517074 4.20101137981536 4.06504719059279 4.15327193262293 4.09903502025948 4.03227105377982 3.96920833174815 3.91692186183766 4.04824569580182
4.22848333163949 4.28865972900404 3.86091329059008 3.74874541163432 3.8070823875155 3.99716015406652 4.25833815188481 4.54962842323815 4.56783434136571 4.34831330118122 4.15922812041582 4.52743312915468 4.59409062629919 4.32954925982921 4.40840191141452 4.10837784604697 3.83986303014583 4.38399070481082 4.30373042082092 4.28408223199755 3.95154207077598 4.26331518837898 4.06556212826624 4.07932434552883 4.1167172991125 4.12394116621264 4.15020280651775 4.41889678684297 4.20251119135664 4.45297515249892 4.3161565240641 4.15147681887195 3.94780779215408 4.17099392039031 4.10730573435926 4.18521484911766 4.03848585342796 3.972947447754 3.81753820812012 3.8801237089645
3.78603332284623 4.03867064295386 3.71665758436477 3.78513378956422 3.95805230627036 4.03621930282649 4.00722429005686 4.13673466419413 4.57122385048556 4.54351815184569 4.41239186688433 4.18966787532059 4.51498535601938 4.37881932221976 4.39643819180093 4.30881083585137 4.10082461676641 4.10137425289151 4.32536497003087 4.14178704546647 3.94708437392883 4.36604106597042 4.20946226289074 4.22159590404071 4.18624558984631 4.32029268851895 4.49871893184833 4.26273315802785 4.0158735817576 4.23932021451752 4.07862624379914 4.34202876499608 4.41211805528584 4.28953753156407 3.75753118895023 3.83823028811264 3.80527288798219 3.8599645262128 4.20708975134132 4.00159181813568
3.88472859208661 3.88179674682184 3.90784979996469 4.08411925789591 3.91032158306656 4.03766704106953 4.02863189953212 4.01667207301446 4.13869345625049 4.29824611907463 4.3848986396657 4.30077605497356 4.42724808640326 4.44393718718456 4.21584369206648 4.25221649582752 4.28716076933826 4.29759049049976 4.68606177031372 4.47052994533041 4.28192924254136 4.24905828418577 4.19628170643106 4.45069798576719 4.44194362147838 4.82985077679169 4.79547244458969 4.33845673011751 4.08303039584754 4.15725123403846 4.15126857784807 4.45649862247265 4.53534212543629 4.45931775170211 3.91816007114426 3.93096080719552 3.88079079861707 4.21241708575845 4.22585178301268 3.93671597430748
3.90994686275954 4.03233375666357 3.97632160261552 3.82943829875479 4.06573162823436 4.06972053752849 4.06426719836301 4.25658068244599 4.29106573604827 4.35512094580408 4.46445826415312 4.42368944485468 4.14176487184178 4.51502084071982 4.34141963552449 4.30021060900909 4.56024940452672 4.35411616032661 4.50454206527751 4.60469215855012 4.78656090396772 4.69746053363124 4.49202467934534 4.61832832804989 4.72565433433349 5.06085771713465 4.96939904803835 4.5639082479853 4.45079905824858 4.12763549482373 4.40112485337201 4.68623324658844 4.54206753531736 4.28736562770087 4.4011010344534 4.08578105990436 4.19957580693563 3.75661901659194 3.88024766288641 3.86620843748365
4.19392752925503 3.95880146801368 3.98236187823719 4.03123038640977 4.0949567984046 4.31536896274586 4.29323049075837 4.45271201327075 4.3732746516946 4.50217663544449 4.26615222465167 4.57928354221438 4.50458444978163 4.48756313574949 4.49454103246648 4.35004535117459 4.4655594547285 4.72258584084209 4.83078521629771 4.74697404770571 4.91577660366532 4.59856156094241 4.40532909245215 4.72634440149429 4.78204622380728 4.9128294133034 4.99585523024587 4.76645808073673 4.42240013365877 4.537035759754 4.59567522865311 4.5524181105791 4.73031786821535 4.30431720371923 4.25674705474379 4.26528364635849 4.23654657295981 3.84315732842066 4.02560081033206 4.14214805825363
4.26031586395532 4.01938275252049 4.00103873367679 3.95009604192306 4.13476929801361 3.99822126294221 4.19913958329673 4.33518731096597 4.39335645468263 4.6452870958084 4.60705547761212 4.28010730507536 4.33896302840091 4.62731787559554 4.53946983291375 4.58464597151331 4.49849038746684 4.63206328031453 4.8537220298292 4.80320433892333 5.07680140500834 4.49979691465591 4.79336702070158 4.96487904038718 5.0244242872929 4.98087497010934 4.64450418477711 4.78654369174841 4.36872542145949 4.67116959485255 4.60746673534891 4.33392454195588 4.70236429055571 4.43000300797776 4.36951186078111 4.22777940606292 4.32732097514741 4.30336945345953 4.22438948154152 4.30654748502528
4.32312923236119 3.94448544529058 4.00418437312762 3.90684177773044 4.04671872262446 4.22678558091086 4.3779145415979 4.54129329410904 4.52027815532454 4.84492728496008 4.54949497254646 4.41045249273967 4.52685863366097 4.50385558311653 4.54740560803595 4.53019739933469 4.53248860816214 4.70873588657524 4.47947029053219 4.64152341134972 5.2361870745192 5.10275140021018 4.86684747541959 4.874198585102 4.84290032123386 5.01602705657654 4.69576301882994 4.30021820527852 4.24649514563235 4.31931855009444 4.34795660196622 4.25204207998794 4.61122036308366 4.61996598896815 4.35784453671562 4.62429386401448 4.38977616344787 4.40407603673648 4.63461304024572 4.55356159952567
3.98059263818665 3.88566112719578 4.01643210460827 4.18197142960052 4.0843755722681 4.02266723461998 4.39481744704608 4.33943058115297 4.46411109434987 4.85587050238893 4.64454268876525 4.41346123065738 4.56273253489988 4.22377627069104 4.278619218557 4.35526355058495 4.46851002668791 4.34407268393066 4.51012352768701 4.59291181242824 5.11150881713235 5.25548000370804 5.20050484249612 4.70429137202575 4.86574029428218 4.63207541836432 4.43450650120809 4.28305903503037 4.15729649534897 4.41920199536315 4.44190179165019 4.29094781251291 4.3285477828819 4.9065552808633 4.81833630177076 4.88129559254022 4.65510143533046 4.5638610538114 4.75876297910701 5.03878785320923
4.0686830394775 3.78623863012938 3.69731281456488 3.82122727726214 4.16472770702707 4.15488106940343 3.9320369783676 3.8504312544937 4.08115433109499 4.42390271452914 4.38151825401336 4.45551904190368 4.61525083691625 4.5042130328359 4.56846612645409 4.29405345058569 4.38207944276883 4.17994481614347 4.4985086514553 4.76493133303947 4.86388726304036 4.89657477248251 4.67376099642251 4.62778799785113 4.71383788062934 4.49690041356116 4.4456208557661 4.25342972578984 4.29052714390095 4.02934099564542 4.15326049787749 4.18467431899055 4.13140934672964 4.3968117109175 4.73658175258945 4.93353999613455 4.5563772398812 4.65195062624991 4.80938678010226 5.03972604231434
3.97560731545924 3.60927826112332 3.92659860810042 3.70137090425275 3.81203878004041 3.81149522217515 3.64603592197873 3.97651287024251 3.93569213590866 4.30651595038533 4.314490148308 4.3496540523553 4.2479406965067 4.01555098875162 4.00766041366263 3.87060721553807 4.19059577307265 4.2560315774044 4.58561800121891 4.70162282868152 4.69826043638488 4.79223888237917 4.7312581441221 4.62580348089463 4.58798376853964 4.47442860370068 4.21088126226157 4.48637676273584 4.4552110125068 4.37872649456668 3.98448842323526 4.01236787355812 3.90983177411583 4.14863871859013 4.41442334548685 4.66764784537501 4.53587191493603 4.72554634783514 4.76868041834139 5.00821794251079
3.96634783349626 3.76270253406966 3.57912630096121 3.78969062477759 3.91987340155995 3.8782706317585 3.83448672890336 3.90219484309735 3.81372585589611 3.54461442528401 3.97962871442592 4.00357612446353 3.81092924896326 3.61397656490461 3.84722038997268 3.78217899790127 3.83626512282344 3.8786809858204 4.39068117058056 4.14759621677226 4.34363074702597 4.71879481145938 4.55454407759885 4.43718539777131 4.28862743573849 4.20324080181242 4.40209110933879 4.30035739053402 4.38779224516763 4.30915463456249 4.38652562146133 4.18175828983217 3.74795249662936 3.73032079338789 4.20221672116722 4.41839670507857 4.53984789179338 4.74694128425127 4.75458373671264 4.76181143124658
4.14645356266417 3.77475048036779 3.33939104484209 3.62111123829591 3.71059569960924 3.84923056851934 3.94722892245324 3.76857617719847 3.663075543613 3.56973375114669 3.75567381997857 3.89406538519812 3.9843600895697 3.87407016204131 3.80581092380578 3.74223785351509 3.50231486552866 3.3328755906307 3.75529200489273 4.21179860315302 4.17678180815978 4.45940345795246 4.50911495339326 4.16011607160868 3.90529854422988 4.03391352950135 4.32248952351177 4.46425846351969 4.16166111549116 4.37798244297972 4.30870330307499 4.33131433297567 3.58472095141657 3.81490914809117 3.91121619157034 4.33531726122575 4.50100091871303 4.43547640762058 4.66019124642216 4.60273908142531
4.0928404615279 3.85706199656228 3.7017201205078 3.79359586342188 3.72870127233625 3.85339221660223 4.1243688210956 3.9939812920126 3.79079919146274 3.55685023085837 3.55741645649285 3.80995191121498 3.65906553494698 3.87203730305425 3.55526122753531 3.49939887711859 3.42054481154494 3.35210620364492 3.56126385576745 3.94192427074737 3.74690060392851 3.98160623490872 4.33530492006888 4.54270239805092 4.02232883167632 3.86438669487783 4.00352384971384 4.1529565012142 4.21216503365372 4.18767648264237 3.93167077793727 4.0517044176751 3.89007174738712 3.97176225868268 4.15469456842334 4.17866064647662 4.32464161264267 4.38130678246931 4.30827667620028 4.36602850723645
4.12645681951715 4.26162497860265 3.89570455837392 3.62130225445073 3.84273782093668 3.85446024858699 4.00221623707978 4.01933125306409 3.88680343923458 3.65171758632815 3.61473445712043 3.53428446995233 3.55502925534387 3.54365525730511 3.50225209254953 3.39850316178742 3.34826279838404 3.16502728928121 3.62030850315989 3.58351416470805 3.77765767450415 3.72226129936527 3.85889284782522 3.93131491811188 4.05425474291166 3.78159365748986 3.75676768897871 3.99481818796902 4.11669780891597 4.00259627418621 3.96613931067739 3.97125551506502 3.90197768934281 3.93841331121907 4.21079851875425 4.36864023393646 4.2418691918456 4.15391252509886 4.10207513372926 4.09974210437989
