data/Resist_surf1.asc
NCOLS 40 
NROWS 40 
XLLCORNER 0 
YLLCORNER 0 
CELLSIZE 0.025 
NODATA_value -9999 
[rows 0 to 22 of 40, columns 0 to 39 of 40]
4.531684402486030 4.085463415479 4.42989267649643 4.27815419770339 4.6259673945744 4.70502498166367 4.81527365452086 4.79904507450573 4.93772982075964 4.98371079949993 4.77731155538643 4.69007082738154 5.02417126305866 4.67686803586645 4.62941666658892 4.52364443553347 4.23326822630154 4.39735271704137 4.82194572999333 4.64092305093897 4.80464584135671 5.11975427449752 5.50273043858396 5.86828629049508 5.93126901077029 5.85577630809833 5.8409335342538 6.13691122903164 6.19225219356363 6.06431410190247 5.99937684622608 6.04683265054067 6.27428852621391 6.2119477945027 6.24597572381598 6.44785248326972 6.55292337277305 6.39636371248299 6.17843548728934 6.42099238808298
3.83247716432814 3.89320009751812 4.04599138237472 4.12503198726108 4.53640439829171 4.58046164237029 4.79721624386559 4.63350703541688 4.51892758742497 4.54182239920511 4.55497542800316 4.72805876223431 5.08151367844524 4.84707540462229 4.52031722260555 4.52375150350967 4.48282877111807 4.45471031257823 4.40009602674181 4.42745602533633 4.74772416188909 4.84288827539249 5.40114505835987 5.83128519334228 5.85500003630675 5.83342648210499 6.07359754398567 6.09576365416449 6.3384692733052 6.13589368637513 6.09307975640631 6.15205487917249 6.15500413326639 6.21549536420347 6.38857599585664 6.4296209778657 6.52501362631158 6.54777039193443 6.49712230827429 6.46707730205653
3.69949888441156 3.74828068602092 3.95284571147664 4.39088555009694 4.29805602653492 4.24596739737993 4.48704172170174 4.66666250165805 4.65570103127231 4.57909946094839 4.82590746741619 4.84561390112251 4.90717764722854 4.48264432521138 4.58757972901958 4.40517535807411 4.27915497303364 4.26898349301322 4.27153482319038 4.26232503185234 4.5530720099275 4.72908937806362 5.36107197604446 5.49515448329307 5.25549629500553 5.64961272903052 5.96731108332263 6.04375163499903 6.19266183187954 6.08313352163358 6.24346858337827 6.33940902992686 6.52212950625103 6.60267896943296 6.36199430673429 6.43852994253954 6.36765621788035 6.59205755137172 6.33826494331788 6.0851283621729
3.71412656425541 4.0020031753993 4.09973536949814 4.34383037462938 4.1961059401261 4.30052870494749 4.32000832440222 4.5158176296258 4.44056339580945 4.87801458827832 4.82733178659539 4.75501384152033 4.70477098521036 4.78046618318326 4.33622648488688 4.33111078921371 4.14547288202328 4.24525429560197 4.42762665860273 4.6675337287395 4.76141269141105 4.88746806890967 5.09062871233005 5.12372528613351 4.80572356960491 5.2333644108037 5.70960290070937 5.83626487725055 6.04907574887495 6.02126493887574 6.30657390915201 6.29967361439465 6.61299921659231 6.8952006599712 6.41869737108923 6.43514329665099 6.626332961346 6.6115291554451 6.12067381244179 5.78701424861118
3.99315938182661 4.32369831949562 4.08535392374239 4.15307796695219 4.08758606389965 4.34766334251924 4.06962538254962 4.05684806316912 4.64717327554141 4.76475055351109 4.63849925761686 4.81438295567304 4.77448193238811 4.847249243962 4.48225146059356 4.25458458913493 4.06010538110415 4.12559706717812 4.38081467044912 4.76789350593354 4.76156576438973 5.04755375057834 5.11019900064066 5.05638063104375 4.86749898766815 5.06426206350567 5.39936205837489 5.91627012822735 6.10901993266635 6.30705888196135 6.48539498035027 6.40561436181992 6.3650031930787 6.42888939983046 6.59750943644982 6.74031743095381 6.76704495198699 6.44557703153167 6.09424272545025 5.89375829074457
4.19701764036155 4.23375789865849 4.28717155265092 4.26969422249999 4.0814369272939 3.99110278932049 4.06828041125268 4.00044255715968 4.35746007801784 4.89752422047008 4.82481951798142 4.70581226933211 5.09750754733788 5.18167734237046 4.79090303184943 4.19438904488214 4.12564755056605 3.97709121800782 3.98539330368571 4.50047231528893 4.76227642102598 5.04687659380522 4.91814545944681 5.03149826021703 5.14343140458483 5.12613040531428 5.72558568095052 5.82588600878776 6.18131755544011 6.1920413884194 6.19240668839504 6.20306069591882 6.4680808915282 6.35562653328463 6.57417291521488 6.79731303543861 6.82891400351343 6.726780065327 6.16731342338922 6.06065252627581
4.14757088936775 4.02670701994517 3.86101034337488 4.22840054682953 4.01602600441979 4.06689250993203 4.14325423197157 4.22584325600891 4.20170407911985 4.65016877555136 4.85982848971282 5.01531478769834 5.0013767287889 5.1254199137666 4.82302991487787 4.42888211225634 4.23615188496379 4.21120854180378 4.10323345792006 4.32825462171738 5.0461384967193 5.10331250967742 4.92307058516427 4.86703080143131 5.11290275552692 5.35853368481528 5.82063449095581 6.0352734958769 6.20319571494495 6.35101826983401 6.27322287199227 6.32856048716714 6.62229501382491 6.67768652087828 6.67171659358634 6.80834244846104 6.8568095133015 6.60830948769896 6.30714549958677 6.30016235995086
3.62553571720364 3.69175472998934 4.09135337006535 3.86916598826294 3.7732846786368 3.91357618209264 3.94598809813955 4.20341071959077 4.32209346497622 4.21386098458493 4.62634809975195 4.69488478579115 4.81640689252033 4.89029940245147 4.76682381494513 4.25490081058266 4.07609362950121 3.98545297958956 3.90178021038842 4.43017656508218 4.90054646933787 5.04367973649311 4.83940018447615 5.05826722095559 4.93331602898584 5.15185486971203 5.65256947725283 6.13960925559428 6.20369545554941 6.34828802301747 6.13740424023151 6.43897477811335 6.83091841338753 6.71788636197467 6.77495833981426 6.79427263626686 6.7896336077957 7.12031805282848 6.75112870437636 6.7650297622985
3.64348332907788 3.88024790089831 3.74142664045112 3.8074476848032 3.84740711139685 3.73139298297785 3.91609969340921 3.90680384403848 4.18978288693239 3.771808845255 4.1668134081687 4.23195191478501 4.77047886601197 4.90132854822858 4.69166078529329 4.38919130191786 4.05478758488785 3.81369332496861 3.73059874499598 4.54669469511555 4.67916103715498 4.62345609347166 4.81701246020686 4.88465661615996 4.85793120660054 4.94409671481717 5.11544716219451 5.92279878262702 6.05842354009692 6.27981766580349 6.20958061438372 6.51836199461259 6.73740322122776 6.58908550473294 6.59879486239397 6.77003397367693 6.93997104641207 7.02093016127077 7.28611666211636 7.24107903771447
3.68688447088515 3.82907591378348 3.94107672311476 3.76039775928253 3.71655192839978 3.92969325089561 3.98772417602695 4.12432099842852 3.90025679704305 3.65386034345348 4.0388824907487 4.29379229847096 4.5961170368486 4.66113742005314 4.80551439314127 4.68081403646863 4.15966302602281 4.31507836358522 4.0539851852629 4.32735545567013 4.47345454100958 4.62953227368991 4.67884193855323 5.21819795989984 4.83709621202498 4.5977000060813 5.1652876138322 5.65242644252465 5.77822678227611 6.123614552782 6.03386122655427 6.32424000595385 6.63333110737264 6.29120267361075 6.3813663524954 6.82135134833869 7.23341240336579 7.4817272809796 7.58873129302831 7.28529851251507
3.80654955138174 3.82730343902547 4.04843794578447 3.57869967368308 3.8327333699399 4.02032524453155 3.78368138473486 4.32926452154186 3.76248480659893 4.15847475703859 4.11292359647737 3.97330163708517 4.54232468230554 4.6897371835789 4.98346945657688 4.38760741768324 4.50638410967332 4.51750062769737 4.47212766625052 4.51871583854437 4.7181763647593 4.75463184847305 4.80164399712944 4.87418691064972 4.84178589820733 4.96684307661964 5.22603175424723 5.54623012521449 5.73687711853611 5.8557214306884 5.89524900132465 6.03475202999192 6.29355402516806 6.4254343455089 6.65049687339117 7.07792201027963 6.99336651087124 7.04087286232546 7.27215096411014 7.26746924580356
3.58605130854447 3.80501827017355 3.9439662151117 3.64254001132746 3.63999015402089 3.69389026299404 3.71390170185753 3.6653232411466 3.9305755857422 4.04564445275489 4.1915171610777 4.34068586410883 4.52304461479808 4.92130430316091 5.01636978314937 4.81262510709064 4.70587010810419 4.75469589862781 4.57443270467171 4.50296327007733 4.3704820838304 4.71341826626807 4.81504633885715 4.88398760984082 4.85046776535146 4.77115480163759 5.52166557594832 5.70487744318688 5.82225586777251 5.59668840791704 5.5704663666884 5.72450947789332 6.16903743079328 6.46629664506202 6.49302875625975 6.66731678708419 6.91398430530022 7.06978624134875 7.27719675575815 7.02047687620622
3.41078594773905 3.415714192758 3.42597217694649 3.70534906149636 3.6996314601589 3.42475024374411 3.58193222386651 3.49210917769085 3.65183029333731 4.03927136784396 4.14315455681593 4.51037288740858 4.42249504274282 4.90400819432785 4.97864457828313 4.89812271618109 4.6995660985564 4.8126617337962 4.60423814015529 4.7024729128846 4.37535832037607 4.49026104619798 4.6169732961166 4.69945394770465 4.70798299420481 4.93538773976033 5.63336697073223 5.81810976631125 5.75995268995965 5.63666709197542 5.60465974970969 5.76471048778005 5.84338983706851 6.30819355665257 6.42298565059591 6.57854462646145 6.98172140122998 7.03709431678729 7.03010266592789 7.05352702397847
3.45991763361943 3.33552538680182 3.58730651630274 3.5390369407493 3.5421669952212 3.70671496604291 3.85872637723822 3.73177118753604 4.18729576799403 3.94720919838441 4.21881221795608 4.48909967565945 4.55297969709794 4.64006567633551 4.86476791452948 4.63797159949157 4.84068981036181 4.8952911374219 5.02072819076642 5.05014107635165 4.6631463924982 4.45753825035553 4.72527557244078 4.80733959690532 5.20238473271835 5.38318582548583 5.50853673434678 5.68011079944253 6.04261532023759 6.0122333001791 6.02203195161304 5.91289445929018 6.02201659734406 6.24030030318663 6.56059129706411 6.33099467341225 6.48606498187615 6.92534441447926 6.62438916972173 6.49367322393138
3.6825780431523 3.66500605643193 3.52298320955838 3.49812384937678 3.65336144162556 4.03089428385208 4.08155076021748 4.15931654545652 3.71986966260712 3.94423655374494 4.52690314747117 4.3892818728491 4.12228552081609 4.52482244480357 4.88723119797505 4.68744693099516 4.86088407132818 5.10202922910037 5.08794367506843 4.92525993206639 5.07544210287597 4.98332956720166 5.13964981712656 5.22395085747876 5.34645126439885 5.38980594437047 5.61815626633305 5.97701849183842 6.27574721549738 6.13371882458461 6.02971037372486 6.21253408423429 6.15044365800237 6.62981754874577 6.64982346466272 6.40156052560475 6.58718608913174 6.71554648061969 6.3335122627621 6.36722963546843
3.79059898538755 3.84519048244338 3.54059485783987 3.84836222683071 4.11846484282858 4.16255886757562 4.14809564771232 4.0704521779452 4.34168197398712 3.94718915800566 4.29846245502493 4.14583071369054 4.32377803621607 4.30477703280306 4.52084491818539 4.68307519563796 4.63187731531321 4.96308265664119 5.13833279058934 5.10922796902171 5.51301749960717 5.12364273775618 5.64605081299636 5.73569738842424 5.86446882927812 5.90550198184638 5.87103044078437 5.96879549198641 5.89802373705132 5.97078015591808 5.94005059338777 6.15570353007167 6.14459534229103 6.23895393505124 6.33711504795025 6.3461286693878 6.65834013664608 6.73907216857428 6.71402682620831 6.43911500045546
3.57075697279849 3.68844413355975 3.69022510644255 4.09114285234199 4.27504970308454 4.11834291690874 3.98999257211449 4.11765296666837 4.17484436700107 4.25079801651927 4.44991108527313 4.3149152843766 4.37851743090989 4.22579281417979 4.67446009279828 4.62136809048625 4.46540327193723 4.99952693957034 4.99766337489681 5.34702577077514 5.33358010490152 5.41845444036302 5.7578924433591 6.1014547723416 6.40462062423906 6.26643593444294 6.228165620656 5.75161932008258 5.73505002354816 6.2635979519402 6.16421795238904 6.17798819970244 6.39761506863923 6.66584109497154 6.43737968198411 6.55402219101609 6.46112009758861 6.88102329447154 6.64790477241059 6.47056754528358
3.57570633207942 3.73940828496414 3.82136958466754 3.90281728007342 3.94568007363862 4.14852964302984 4.01060374106795 4.21268031171134 4.32460697426166 4.42321468296579 4.61541281332158 4.50904545278517 4.75868649877381 4.3244187534655 4.38136933453541 4.78006806013535 4.93876615669287 5.28622319245183 5.58134246799962 5.47818341096933 5.65099042614979 5.79301771138191 5.89457249371148 6.08243508976514 6.34151122794392 6.2784168289604 6.35156973728116 5.8777932661608 5.79528329648116 6.02904469605998 6.25663651700269 6.08252188432965 6.5211735481482 6.61633735006933 6.68325663368817 6.58630849126242 6.81459972520021 6.53625648597646 6.66516394210549 6.37052000091814
3.41221558387395 3.61554961306164 3.9471230132381 4.12273769161253 3.77602238651255 3.77773398980663 4.13670304212849 4.47533129015536 4.66082869008744 4.42094940897259 4.76655258112233 4.97712767250318 4.66402675207333 4.65063171116233 4.51001724166588 4.81118748084488 5.32376370816571 5.72156504110171 5.73335585978892 5.65735768611072 5.38547597986361 5.52965699781519 5.66183993779916 6.26804326458533 6.26023250081814 5.98355861386783 5.94306247261498 6.19958390245342 5.8956474981581 6.11084017093771 6.34658199962375 6.42578650908946 6.53867156581929 6.39462743635051 6.83235204495215 6.77129877628707 6.89162383163201 6.68507496399339 6.46191321450512 6.04022594134805
3.46843140259296 4.09035988774892 4.26848419575641 4.0678456976321 3.96681686255388 3.77122863860397 4.13068280223471 4.30705342731989 4.54602956425314 4.83618475443462 4.81102104904382 4.8030514959761 4.91093430453322 4.73378403879359 4.72985322171813 5.03352875356229 5.68305127606519 5.83179849098493 5.97566517080738 5.8077503976454 5.6425208589065 5.70434119831164 5.83522021346298 5.95853102431788 6.21705663351437 6.04890215468498 6.09514365950498 6.18966915265738 6.03128064201621 6.22878972815828 6.41929220296841 6.4675732913655 6.4932656847536 6.44289795252955 6.5573106616372 6.7543455871298 6.71872849115984 6.55018845697027 6.4538999975224 5.8876868187609
4.12378938258249 4.45735413749818 4.43691094229247 4.053513504917 4.43870671025102 4.3273592459202 4.19955835540239 4.42474501296123 4.77422085060789 4.56035443758536 4.81133188147826 4.95959505169043 4.87993950412702 4.50659824935447 4.50472258580242 5.07702721826467 5.54161542196856 5.82593800687379 5.73163065552571 5.36434862332745 5.6342095130732 5.82629979102112 5.60375241126753 5.74534993791534 6.06090572057784 6.15764511433277 6.29874337213112 6.38545987227329 6.47414074676354 6.5087273621388 6.47023326207921 6.08178067296573 5.99810256248941 6.15521214487475 6.22066551452273 6.49939429823864 6.57928803778648 6.59911579427927 6.2840355868495 6.00109694533402
4.26025810494064 4.62672891023931 4.44969530779098 4.31564023858067 4.56713635660072 4.47610677527856 4.57232770954201 4.60114972938385 4.76693846979286 5.20658659724044 5.13033282415846 5.03082146560721 4.8849030056564 4.48715137664188 4.7470982646002 4.91503592099093 5.19846746498939 5.93269233406069 5.47629947271818 5.81400759771817 5.87903770728482 5.67222971132833 5.86088407156493 6.06918091286378 6.25373844257361 6.42265933447216 6.39064637885553 6.61333024225766 6.71091475567788 6.3715955879269 6.23853524071449 5.87523684901362 5.95521475991487 5.98679207713716 6.07493655045221 6.32413657067456 6.45886203679239 6.22413899238841 6.24357324885271 6.16328099079518
4.79208652137699 4.84803959889867 4.76952066827643 4.64944006347369 4.6121835825051 4.90968399071762 4.62450825995897 4.85541646667927 4.68716881038989 4.68690475012904 4.88444952035644 5.09994691552804 5.09227678679378 4.56416117777501 4.58119395146345 4.56894858430155 5.1202761843712 5.4792501516748 5.4381361861211 5.63687691419894 5.84119952403196 5.91104845663682 6.05301286571266 6.02854537968435 6.0886223684597 6.54040636583863 6.32459083119347 6.30363315796777 6.21274243991118 5.96064893840752 5.82150376666129 5.89055670584389 6.27241487594077 6.03071451126586 6.19945461411882 6.22043238732089 6.28459141104328 6.37522397656589 6.05371388618306 6.32052159061969
